AngleInfo:
  mean: 300.0
Entropy: 0.023480286671241572
MapSize: 11250.0
MaxEntropy: 2.321928094887362
NumObs_Cv2: 19
OccupancyRatio: 0.12031111111111115
distance(normalized): 0.5
distance.avg: 0.08808
distance.variance: 0.00039
