AngleInfo:
  mean: 317.6470588235294
Entropy: 0.028262800396223305
MapSize: 11250.0
MaxEntropy: 2.321928094887362
NumObs_Cv2: 11
OccupancyRatio: 0.1498666666666667
distance(normalized): 0.5
distance.avg: 0.0134
distance.variance: 1.0e-05
