AngleInfo:
  mean: 202.5
Entropy: 0.037847403551805596
MapSize: 11250.0
MaxEntropy: 2.321928094887362
NumObs_Cv2: 14
OccupancyRatio: 0.22111111111111115
distance(normalized): 0.4
distance.avg: 0.01205
distance.variance: 1.0e-05
