AngleInfo:
  mean: 333.8181818181818
Entropy: 0.2223846179353029
MapSize: 80000.0
MaxEntropy: 2.321928094887362
NumObs_Cv2: 21
OccupancyRatio: 0.30375624999999995
distance(normalized): 0.7
distance.avg: 0.0155
distance.variance: 1.0e-05
