AngleInfo:
  mean: 284.2105263157895
Entropy: 0.13879424571085244
MapSize: 80000.0
MaxEntropy: 2.321928094887362
NumObs_Cv2: 7
OccupancyRatio: 0.16520625
distance(normalized): 0.7
distance.avg: 0.0122
distance.variance: 2.0e-05
