AngleInfo:
  mean: 280.0
Entropy: 0.04302578577878482
MapSize: 11250.0
MaxEntropy: 2.321928094887362
NumObs_Cv2: 8
OccupancyRatio: 0.2599111111111111
distance(normalized): 0.6
distance.avg: 0.03865
distance.variance: 1.0e-05
