AngleInfo:
  mean: 335.17241379310343
Entropy: 0.025637161367113612
MapSize: 11250.0
MaxEntropy: 2.321928094887362
NumObs_Cv2: 14
OccupancyRatio: 0.1285777777777778
distance(normalized): 0.6
distance.avg: 0.03886
distance.variance: 2.0e-05
