AngleInfo:
  mean: 308.57142857142856
Entropy: 0.01911446349940829
MapSize: 11250.0
MaxEntropy: 2.321928094887362
NumObs_Cv2: 19
OccupancyRatio: 0.08986666666666665
distance(normalized): 0.6
distance.avg: 0.67185
distance.variance: 0.00889
