AngleInfo:
  mean: 345.52102376599635
Entropy: 0.23771614565613147
MapSize: 80000.0
MaxEntropy: 2.321928094887362
NumObs_Cv2: 41
OccupancyRatio: 0.32518125
distance(normalized): 0.6
distance.avg: 0.0136
distance.variance: 1.0e-05
