AngleInfo:
  mean: 259.2
Entropy: 0.03362806667973194
MapSize: 11250.0
MaxEntropy: 2.321928094887362
NumObs_Cv2: 13
OccupancyRatio: 0.18671111111111116
distance(normalized): 0.6
distance.avg: 0.75209
distance.variance: 0.0154
