AngleInfo:
  mean: 332.3076923076923
Entropy: 0.03867840992376321
MapSize: 11250.0
MaxEntropy: 2.321928094887362
NumObs_Cv2: 6
OccupancyRatio: 0.2300444444444445
distance(normalized): 0.3
distance.avg: 0.09858
distance.variance: 0.00054
