AngleInfo:
  mean: 306.4864864864865
Entropy: 0.023033589413000325
MapSize: 11250.0
MaxEntropy: 2.321928094887362
NumObs_Cv2: 19
OccupancyRatio: 0.11991111111111108
distance(normalized): 0.6
distance.avg: 0.05998
distance.variance: 0.00016
