AngleInfo:
  mean: 321.42857142857144
Entropy: 0.017881545718043495
MapSize: 11250.0
MaxEntropy: 2.321928094887362
NumObs_Cv2: 12
OccupancyRatio: 0.08742222222222218
distance(normalized): 0.5
distance.avg: 0.04128
distance.variance: 6.0e-05
