AngleInfo:
  mean: 270.0
Entropy: 0.026996634012052767
MapSize: 11250.0
MaxEntropy: 2.321928094887362
NumObs_Cv2: 12
OccupancyRatio: 0.1358666666666667
distance(normalized): 0.4
distance.avg: 0.01013
distance.variance: 0.0
