AngleInfo:
  mean: 304.61538461538464
Entropy: 0.017047507467429657
MapSize: 11250.0
MaxEntropy: 2.321928094887362
NumObs_Cv2: 14
OccupancyRatio: 0.08351111111111109
distance(normalized): 0.4
distance.avg: 0.04434
distance.variance: 7.0e-05
