AngleInfo:
  mean: 285.88235294117646
Entropy: 0.03453860546104174
MapSize: 11250.0
MaxEntropy: 2.321928094887362
NumObs_Cv2: 18
OccupancyRatio: 0.1916888888888889
distance(normalized): 0.6
distance.avg: 0.03988
distance.variance: 4.0e-05
