AngleInfo:
  mean: 180.0
Entropy: 0.038818554805165065
MapSize: 11250.0
MaxEntropy: 2.321928094887362
NumObs_Cv2: 7
OccupancyRatio: 0.2360444444444444
distance(normalized): 0.6
distance.avg: 0.0124
distance.variance: 2.0e-05
