AngleInfo:
  mean: 331.57894736842104
Entropy: 0.019533547061735164
MapSize: 11250.0
MaxEntropy: 2.321928094887362
NumObs_Cv2: 14
OccupancyRatio: 0.09768888888888894
distance(normalized): 0.6
distance.avg: 0.03769
distance.variance: 8.0e-05
