AngleInfo:
  mean: 330.61224489795916
Entropy: 0.018123398772386657
MapSize: 11250.0
MaxEntropy: 2.321928094887362
NumObs_Cv2: 18
OccupancyRatio: 0.08364444444444441
distance(normalized): 0.5
distance.avg: 0.0769
distance.variance: 0.00012
