AngleInfo:
  mean: 180.0
Entropy: 0.03559064159042678
MapSize: 11250.0
MaxEntropy: 2.321928094887362
NumObs_Cv2: 10
OccupancyRatio: 0.19644444444444442
distance(normalized): 0.5
distance.avg: 0.38648
distance.variance: 0.00474
