AngleInfo:
  mean: 157.5
Entropy: 0.03201899533941604
MapSize: 11250.0
MaxEntropy: 2.321928094887362
NumObs_Cv2: 13
OccupancyRatio: 0.17533333333333334
distance(normalized): 0.5
distance.avg: 0.01205
distance.variance: 0.0
