AngleInfo:
  mean: 342.22222222222223
Entropy: 0.01259214922431816
MapSize: 11250.0
MaxEntropy: 2.321928094887362
NumObs_Cv2: 8
OccupancyRatio: 0.06191111111111114
distance(normalized): 0.5
distance.avg: 0.28249
distance.variance: 0.00195
