AngleInfo:
  mean: 266.6666666666667
Entropy: 0.032730361308110016
MapSize: 11250.0
MaxEntropy: 2.321928094887362
NumObs_Cv2: 18
OccupancyRatio: 0.18520000000000003
distance(normalized): 0.5
distance.avg: 0.03734
distance.variance: 2.0e-05
