AngleInfo:
  mean: 270.0
Entropy: 0.020030958623120508
MapSize: 11250.0
MaxEntropy: 2.321928094887362
NumObs_Cv2: 15
OccupancyRatio: 0.09737777777777779
distance(normalized): 0.5
distance.avg: 0.01312
distance.variance: 1.0e-05
