AngleInfo:
  mean: 327.27272727272725
Entropy: 0.020908045287181116
MapSize: 11250.0
MaxEntropy: 2.321928094887362
NumObs_Cv2: 15
OccupancyRatio: 0.10946666666666671
distance(normalized): 0.5
distance.avg: 0.05633
distance.variance: 8.0e-05
