AngleInfo:
  mean: 324.0
Entropy: 0.016258541703702063
MapSize: 11250.0
MaxEntropy: 2.321928094887362
NumObs_Cv2: 13
OccupancyRatio: 0.07911111111111113
distance(normalized): 0.6
distance.avg: 0.03756
distance.variance: 0.00015
