AngleInfo:
  mean: 350.0
Entropy: 0.016212671157875128
MapSize: 11250.0
MaxEntropy: 2.321928094887362
NumObs_Cv2: 13
OccupancyRatio: 0.07120000000000004
distance(normalized): 0.5
distance.avg: 1.08205
distance.variance: 0.02552
