AngleInfo:
  mean: 324.0
Entropy: 0.025685389248588805
MapSize: 11250.0
MaxEntropy: 2.321928094887362
NumObs_Cv2: 8
OccupancyRatio: 0.13102222222222226
distance(normalized): 0.8
distance.avg: 0.00974
distance.variance: 0.0
