AngleInfo:
  mean: 350.3649635036496
Entropy: 0.22894334540484151
MapSize: 80000.0
MaxEntropy: 2.321928094887362
NumObs_Cv2: 27
OccupancyRatio: 0.3227875
distance(normalized): 0.6
distance.avg: 57.8
distance.variance: 116.57359
