AngleInfo:
  mean: 346.9879518072289
Entropy: 0.023472217280784944
MapSize: 11250.0
MaxEntropy: 2.321928094887362
NumObs_Cv2: 11
OccupancyRatio: 0.1267555555555555
distance(normalized): 0.7
distance.avg: 0.01382
distance.variance: 2.0e-05
