AngleInfo:
  mean: 351.6279069767442
Entropy: 0.18942702804658273
MapSize: 80000.0
MaxEntropy: 2.321928094887362
NumObs_Cv2: 5
OccupancyRatio: 0.24726875000000004
distance(normalized): 0.4
distance.avg: 0.01426
distance.variance: 0.0
