AngleInfo:
  mean: 300.0
Entropy: 0.022796955833937087
MapSize: 11250.0
MaxEntropy: 2.321928094887362
NumObs_Cv2: 11
OccupancyRatio: 0.11608888888888891
distance(normalized): 0.7
distance.avg: 0.01016
distance.variance: 1.0e-05
