AngleInfo:
  mean: 258.46153846153845
Entropy: 0.02513058639810057
MapSize: 11250.0
MaxEntropy: 2.321928094887362
NumObs_Cv2: 14
OccupancyRatio: 0.126
distance(normalized): 0.4
distance.avg: 0.01033
distance.variance: 0.0
