AngleInfo:
  mean: 255.78947368421052
Entropy: 0.03153185791496489
MapSize: 11250.0
MaxEntropy: 2.321928094887362
NumObs_Cv2: 19
OccupancyRatio: 0.17191111111111113
distance(normalized): 0.6
distance.avg: 0.02356
distance.variance: 1.0e-05
