AngleInfo:
  mean: 315.0
Entropy: 0.030009744290633467
MapSize: 11250.0
MaxEntropy: 2.321928094887362
NumObs_Cv2: 17
OccupancyRatio: 0.16617777777777776
distance(normalized): 0.6
distance.avg: 0.01043
distance.variance: 0.0
