AngleInfo:
  mean: 333.3333333333333
Entropy: 0.029641922758921708
MapSize: 11250.0
MaxEntropy: 2.321928094887362
NumObs_Cv2: 15
OccupancyRatio: 0.16200000000000003
distance(normalized): 0.6
distance.avg: 0.08281
distance.variance: 0.00017
