AngleInfo:
  mean: 354.679802955665
Entropy: 0.19765540265846543
MapSize: 80000.0
MaxEntropy: 2.321928094887362
NumObs_Cv2: 23
OccupancyRatio: 0.25568749999999996
distance(normalized): 0.3
distance.avg: 0.4
distance.variance: 0.00311
