AngleInfo:
  mean: 351.35135135135135
Entropy: 0.12729760664604423
MapSize: 80000.0
MaxEntropy: 2.321928094887362
NumObs_Cv2: 35
OccupancyRatio: 0.13514375
distance(normalized): 0.6
distance.avg: 0.3
distance.variance: 0.0052
