AngleInfo:
  mean: 356.8695652173913
Entropy: 0.19376887615926008
MapSize: 80000.0
MaxEntropy: 2.321928094887362
NumObs_Cv2: 11
OccupancyRatio: 0.25461875
distance(normalized): 0.5
distance.avg: 0.4
distance.variance: 0.00434
