AngleInfo:
  mean: 295.38461538461536
Entropy: 0.04001286539940087
MapSize: 11250.0
MaxEntropy: 2.321928094887362
NumObs_Cv2: 13
OccupancyRatio: 0.2387111111111111
distance(normalized): 0.8
distance.avg: 0.01121
distance.variance: 1.0e-05
