AngleInfo:
  mean: 317.6470588235294
Entropy: 0.024487758112824453
MapSize: 11250.0
MaxEntropy: 2.321928094887362
NumObs_Cv2: 21
OccupancyRatio: 0.12844444444444447
distance(normalized): 0.5
distance.avg: 0.04682
distance.variance: 3.0e-05
