AngleInfo:
  mean: 311.1111111111111
Entropy: 0.02204958330785233
MapSize: 11250.0
MaxEntropy: 2.321928094887362
NumObs_Cv2: 19
OccupancyRatio: 0.1073777777777778
distance(normalized): 0.6
distance.avg: 0.01192
distance.variance: 1.0e-05
