AngleInfo:
  mean: 321.9512195121951
Entropy: 0.022606744003237755
MapSize: 11250.0
MaxEntropy: 2.321928094887362
NumObs_Cv2: 26
OccupancyRatio: 0.11164444444444444
distance(normalized): 0.5
distance.avg: 0.08665
distance.variance: 0.00025
