AngleInfo:
  mean: 90.0
Entropy: 0.12051493331976591
MapSize: 80000.0
MaxEntropy: 2.321928094887362
NumObs_Cv2: 4
OccupancyRatio: 0.13960625000000004
distance(normalized): 1.0
distance.avg: 0.00031
distance.variance: 0.0
