AngleInfo:
  mean: 90.0
Entropy: 0.12051493331976591
MapSize: 80000.0
MaxEntropy: 2.321928094887362
NumObs_Cv2: 4
OccupancyRatio: 0.13960625000000004
distance(normalized): []
distance.avg: null
distance.variance: []
