AngleInfo:
  mean: 312.63157894736844
Entropy: 0.03021255923403071
MapSize: 11250.0
MaxEntropy: 2.321928094887362
NumObs_Cv2: 19
OccupancyRatio: 0.16928888888888893
distance(normalized): 0.5
distance.avg: 0.09839
distance.variance: 0.00026
