AngleInfo:
  mean: 240.0
Entropy: 0.031328510089087554
MapSize: 11250.0
MaxEntropy: 2.321928094887362
NumObs_Cv2: 9
OccupancyRatio: 0.1716444444444445
distance(normalized): 0.3
distance.avg: 0.00877
distance.variance: 0.0
