AngleInfo:
  mean: 288.0
Entropy: 0.028301753088722553
MapSize: 11250.0
MaxEntropy: 2.321928094887362
NumObs_Cv2: 9
OccupancyRatio: 0.16284444444444446
distance(normalized): 0.7
distance.avg: 0.3382
distance.variance: 0.0036
