AngleInfo:
  mean: 330.0
Entropy: 0.019802851024587672
MapSize: 11250.0
MaxEntropy: 2.321928094887362
NumObs_Cv2: 11
OccupancyRatio: 0.10088888888888892
distance(normalized): 0.5
distance.avg: 0.0376
distance.variance: 7.0e-05
