AngleInfo:
  mean: 180.0
Entropy: 0.03730938225641588
MapSize: 11250.0
MaxEntropy: 2.321928094887362
NumObs_Cv2: 8
OccupancyRatio: 0.21426666666666672
distance(normalized): 0.1
distance.avg: 0.01322
distance.variance: 0.0
