AngleInfo:
  mean: 303.75
Entropy: 0.027153999155922624
MapSize: 11250.0
MaxEntropy: 2.321928094887362
NumObs_Cv2: 14
OccupancyRatio: 0.14880000000000004
distance(normalized): 0.4
distance.avg: 0.01518
distance.variance: 1.0e-05
