AngleInfo:
  mean: 302.4
Entropy: 0.017079339466042502
MapSize: 11250.0
MaxEntropy: 2.321928094887362
NumObs_Cv2: 17
OccupancyRatio: 0.07977777777777773
distance(normalized): 0.4
distance.avg: 0.06249
distance.variance: 0.00024
