AngleInfo:
  mean: 288.0
Entropy: 0.031555999799076855
MapSize: 11250.0
MaxEntropy: 2.321928094887362
NumObs_Cv2: 8
OccupancyRatio: 0.17404444444444445
distance(normalized): 0.5
distance.avg: 0.01403
distance.variance: 1.0e-05
