AngleInfo:
  mean: 345.28610354223434
Entropy: 0.1471470382966668
MapSize: 80000.0
MaxEntropy: 2.321928094887362
NumObs_Cv2: 27
OccupancyRatio: 0.17522499999999996
distance(normalized): 0.6
distance.avg: 0.01202
distance.variance: 1.0e-05
