AngleInfo:
  mean: 255.78947368421052
Entropy: 0.21157534045290605
MapSize: 80000.0
MaxEntropy: 2.321928094887362
NumObs_Cv2: 22
OccupancyRatio: 0.29025625
distance(normalized): 0.5
distance.avg: 0.01521
distance.variance: 1.0e-05
