AngleInfo:
  mean: 270.0
Entropy: 0.026720192375647534
MapSize: 11250.0
MaxEntropy: 2.321928094887362
NumObs_Cv2: 15
OccupancyRatio: 0.13755555555555554
distance(normalized): 0.6
distance.avg: 0.0099
distance.variance: 0.0
