AngleInfo:
  mean: 342.85714285714283
Entropy: 0.01924361669156397
MapSize: 11250.0
MaxEntropy: 2.321928094887362
NumObs_Cv2: 6
OccupancyRatio: 0.09488888888888891
distance(normalized): 0.3
distance.avg: 0.01478
distance.variance: 1.0e-05
