AngleInfo:
  mean: 343.6363636363636
Entropy: 0.025745046521453253
MapSize: 11250.0
MaxEntropy: 2.321928094887362
NumObs_Cv2: 6
OccupancyRatio: 0.14146666666666663
distance(normalized): 0.7
distance.avg: 0.01524
distance.variance: 1.0e-05
