AngleInfo:
  mean: 324.0
Entropy: 0.024054792555098584
MapSize: 11250.0
MaxEntropy: 2.321928094887362
NumObs_Cv2: 6
OccupancyRatio: 0.12711111111111106
distance(normalized): 0.7
distance.avg: 0.01158
distance.variance: 1.0e-05
