AngleInfo:
  mean: 330.4918032786885
Entropy: 0.022996849201008567
MapSize: 11250.0
MaxEntropy: 2.321928094887362
NumObs_Cv2: 9
OccupancyRatio: 0.11924444444444449
distance(normalized): 0.7
distance.avg: 0.69952
distance.variance: 0.05617
