AngleInfo:
  mean: 353.3209647495362
Entropy: 0.19709066827999594
MapSize: 80000.0
MaxEntropy: 2.321928094887362
NumObs_Cv2: 19
OccupancyRatio: 0.25354374999999996
distance(normalized): 0.6
distance.avg: 0.4
distance.variance: 0.0047
