AngleInfo:
  mean: 345.42056074766356
Entropy: 0.2269994428544925
MapSize: 80000.0
MaxEntropy: 2.321928094887362
NumObs_Cv2: 18
OccupancyRatio: 0.32371875000000006
distance(normalized): 0.6
distance.avg: 0.3
distance.variance: 0.00334
