AngleInfo:
  mean: 343.2328767123288
Entropy: 0.22100030382111546
MapSize: 80000.0
MaxEntropy: 2.321928094887362
NumObs_Cv2: 33
OccupancyRatio: 0.29948125000000003
distance(normalized): 0.6
distance.avg: 0.4
distance.variance: 0.0123
