AngleInfo:
  mean: 356.0869565217391
Entropy: 0.23597173267078828
MapSize: 80000.0
MaxEntropy: 2.321928094887362
NumObs_Cv2: 11
OccupancyRatio: 0.34203125
distance(normalized): 0.6
distance.avg: 0.01559
distance.variance: 1.0e-05
