AngleInfo:
  mean: 353.6842105263158
Entropy: 0.24143047747081975
MapSize: 80000.0
MaxEntropy: 2.321928094887362
NumObs_Cv2: 20
OccupancyRatio: 0.35029999999999994
distance(normalized): 0.5
distance.avg: 1.60464
distance.variance: 0.14775
