AngleInfo:
  mean: 147.85714285714286
Entropy: 0.15767380496804922
MapSize: 80000.0
MaxEntropy: 2.321928094887362
NumObs_Cv2: 50
OccupancyRatio: 0.17908124999999997
distance(normalized): 0.6
distance.avg: 0.01065
distance.variance: 1.0e-05
