AngleInfo:
  mean: 317.6470588235294
Entropy: 0.04570650366438796
MapSize: 11250.0
MaxEntropy: 2.321928094887362
NumObs_Cv2: 9
OccupancyRatio: 0.2916888888888889
distance(normalized): 0.7
distance.avg: 0.5364
distance.variance: 0.01356
