AngleInfo:
  mean: 312.63157894736844
Entropy: 0.021691686860438528
MapSize: 11250.0
MaxEntropy: 2.321928094887362
NumObs_Cv2: 18
OccupancyRatio: 0.1081333333333333
distance(normalized): 0.6
distance.avg: 0.03717
distance.variance: 4.0e-05
