AngleInfo:
  mean: 338.8235294117647
Entropy: 0.02892038766310389
MapSize: 11250.0
MaxEntropy: 2.321928094887362
NumObs_Cv2: 11
OccupancyRatio: 0.15297777777777777
distance(normalized): 0.5
distance.avg: 0.01356
distance.variance: 1.0e-05
