AngleInfo:
  mean: 325.16129032258067
Entropy: 0.04158960053657247
MapSize: 11250.0
MaxEntropy: 2.321928094887362
NumObs_Cv2: 6
OccupancyRatio: 0.2592
distance(normalized): 0.7
distance.avg: 0.00935
distance.variance: 1.0e-05
