AngleInfo:
  mean: 327.27272727272725
Entropy: 0.03699720484212544
MapSize: 11250.0
MaxEntropy: 2.321928094887362
NumObs_Cv2: 13
OccupancyRatio: 0.2181333333333333
distance(normalized): 0.4
distance.avg: 0.01491
distance.variance: 1.0e-05
