AngleInfo:
  mean: 324.0
Entropy: 0.03303975191199553
MapSize: 11250.0
MaxEntropy: 2.321928094887362
NumObs_Cv2: 13
OccupancyRatio: 0.1830666666666667
distance(normalized): 0.4
distance.avg: 0.01185
distance.variance: 1.0e-05
