AngleInfo:
  mean: 297.9310344827586
Entropy: 0.047280862219040175
MapSize: 11250.0
MaxEntropy: 2.321928094887362
NumObs_Cv2: 12
OccupancyRatio: 0.2951555555555555
distance(normalized): 0.3
distance.avg: 0.01145
distance.variance: 0.0
