AngleInfo:
  mean: 324.0
Entropy: 0.028681780014355965
MapSize: 11250.0
MaxEntropy: 2.321928094887362
NumObs_Cv2: 12
OccupancyRatio: 0.15084444444444445
distance(normalized): 0.5
distance.avg: 0.76874
distance.variance: 0.03222
