AngleInfo:
  mean: 154.28571428571428
Entropy: 0.026389295300293367
MapSize: 11250.0
MaxEntropy: 2.321928094887362
NumObs_Cv2: 16
OccupancyRatio: 0.1365777777777778
distance(normalized): 0.5
distance.avg: 0.10889
distance.variance: 0.00053
