AngleInfo:
  mean: 316.0975609756098
Entropy: 0.028171311685760748
MapSize: 11250.0
MaxEntropy: 2.321928094887362
NumObs_Cv2: 12
OccupancyRatio: 0.14364444444444446
distance(normalized): 0.4
distance.avg: 0.0138
distance.variance: 0.0
