AngleInfo:
  mean: 144.0
Entropy: 0.022420734353954218
MapSize: 11250.0
MaxEntropy: 2.321928094887362
NumObs_Cv2: 21
OccupancyRatio: 0.1048444444444444
distance(normalized): 0.6
distance.avg: 0.12577
distance.variance: 0.00073
