AngleInfo:
  mean: 333.52941176470586
Entropy: 0.029110559541190545
MapSize: 11250.0
MaxEntropy: 2.321928094887362
NumObs_Cv2: 13
OccupancyRatio: 0.15622222222222226
distance(normalized): 0.7
distance.avg: 0.01878
distance.variance: 1.0e-05
