AngleInfo:
  mean: 315.6164383561644
Entropy: 0.020904532474509324
MapSize: 11250.0
MaxEntropy: 2.321928094887362
NumObs_Cv2: 15
OccupancyRatio: 0.10631111111111113
distance(normalized): 0.5
distance.avg: 0.01487
distance.variance: 0.0
