AngleInfo:
  mean: 274.2857142857143
Entropy: 0.028715516598742566
MapSize: 11250.0
MaxEntropy: 2.321928094887362
NumObs_Cv2: 9
OccupancyRatio: 0.16146666666666665
distance(normalized): 0.6
distance.avg: 0.07815
distance.variance: 0.00051
