AngleInfo:
  mean: 226.04651162790697
Entropy: 0.015042475641335155
MapSize: 11250.0
MaxEntropy: 2.321928094887362
NumObs_Cv2: 20
OccupancyRatio: 0.06693333333333329
distance(normalized): 0.5
distance.avg: 0.07931
distance.variance: 0.00035
