AngleInfo:
  mean: 333.0841121495327
Entropy: 0.03206243175265609
MapSize: 11250.0
MaxEntropy: 2.321928094887362
NumObs_Cv2: 16
OccupancyRatio: 0.18053333333333332
distance(normalized): 0.6
distance.avg: 0.03081
distance.variance: 2.0e-05
