AngleInfo:
  mean: 280.0
Entropy: 0.034086683119891416
MapSize: 11250.0
MaxEntropy: 2.321928094887362
NumObs_Cv2: 12
OccupancyRatio: 0.20279999999999998
distance(normalized): 0.5
distance.avg: 0.01267
distance.variance: 0.0
