AngleInfo:
  mean: 257.14285714285717
Entropy: 0.1943685989687286
MapSize: 80000.0
MaxEntropy: 2.321928094887362
NumObs_Cv2: 15
OccupancyRatio: 0.24841875000000002
distance(normalized): 0.6
distance.avg: 1.62532
distance.variance: 0.0871
