AngleInfo:
  mean: 281.7391304347826
Entropy: 0.029930653017791027
MapSize: 11250.0
MaxEntropy: 2.321928094887362
NumObs_Cv2: 17
OccupancyRatio: 0.16586666666666672
distance(normalized): 0.5
distance.avg: 0.01346
distance.variance: 1.0e-05
