AngleInfo:
  mean: 354.92957746478874
Entropy: 0.18790559407794702
MapSize: 80000.0
MaxEntropy: 2.321928094887362
NumObs_Cv2: 8
OccupancyRatio: 0.2503875
distance(normalized): 0.6
distance.avg: 0.01546
distance.variance: 1.0e-05
