AngleInfo:
  mean: 277.7142857142857
Entropy: 0.20551254695023788
MapSize: 80000.0
MaxEntropy: 2.321928094887362
NumObs_Cv2: 18
OccupancyRatio: 0.27763125
distance(normalized): 0.4
distance.avg: 0.01802
distance.variance: 0.0
