AngleInfo:
  mean: 265.2631578947368
Entropy: 0.025684470334074797
MapSize: 11250.0
MaxEntropy: 2.321928094887362
NumObs_Cv2: 11
OccupancyRatio: 0.14173333333333338
distance(normalized): 0.6
distance.avg: 0.00996
distance.variance: 1.0e-05
