AngleInfo:
  mean: 315.0
Entropy: 0.04315538952793508
MapSize: 11250.0
MaxEntropy: 2.321928094887362
NumObs_Cv2: 14
OccupancyRatio: 0.25360000000000005
distance(normalized): 0.5
distance.avg: 0.01279
distance.variance: 1.0e-05
