AngleInfo:
  mean: 310.15384615384613
Entropy: 0.034472325879883636
MapSize: 11250.0
MaxEntropy: 2.321928094887362
NumObs_Cv2: 16
OccupancyRatio: 0.1896888888888889
distance(normalized): 0.5
distance.avg: 0.01163
distance.variance: 0.0
