AngleInfo:
  mean: 292.17391304347825
Entropy: 0.23635347251074945
MapSize: 80000.0
MaxEntropy: 2.321928094887362
NumObs_Cv2: 21
OccupancyRatio: 0.33868125000000004
distance(normalized): 0.5
distance.avg: 38.6
distance.variance: 60.39538
