AngleInfo:
  mean: 348.1578947368421
Entropy: 0.1899887915611962
MapSize: 80000.0
MaxEntropy: 2.321928094887362
NumObs_Cv2: 19
OccupancyRatio: 0.23415624999999995
distance(normalized): 0.7
distance.avg: 0.3
distance.variance: 0.00332
