AngleInfo:
  mean: 190.58823529411765
Entropy: 0.0237281246093803
MapSize: 11250.0
MaxEntropy: 2.321928094887362
NumObs_Cv2: 8
OccupancyRatio: 0.1247111111111111
distance(normalized): 0.5
distance.avg: 0.00836
distance.variance: 0.0
