AngleInfo:
  mean: 243.0
Entropy: 0.16756186541408863
MapSize: 80000.0
MaxEntropy: 2.321928094887362
NumObs_Cv2: 18
OccupancyRatio: 0.204125
distance(normalized): 0.7
distance.avg: 0.01469
distance.variance: 1.0e-05
