AngleInfo:
  mean: 297.0
Entropy: 0.03904418063709997
MapSize: 11250.0
MaxEntropy: 2.321928094887362
NumObs_Cv2: 14
OccupancyRatio: 0.23519999999999996
distance(normalized): 0.6
distance.avg: 0.30491
distance.variance: 0.00698
