AngleInfo:
  mean: 324.0
Entropy: 0.03901145926889104
MapSize: 11250.0
MaxEntropy: 2.321928094887362
NumObs_Cv2: 14
OccupancyRatio: 0.23195555555555558
distance(normalized): 0.5
distance.avg: 0.02871
distance.variance: 4.0e-05
