AngleInfo:
  mean: 332.3076923076923
Entropy: 0.05152240260053119
MapSize: 11250.0
MaxEntropy: 2.321928094887362
NumObs_Cv2: 6
OccupancyRatio: 0.34791111111111106
distance(normalized): 0.5
distance.avg: 0.01401
distance.variance: 1.0e-05
