AngleInfo:
  mean: 320.0
Entropy: 0.04156566825856995
MapSize: 11250.0
MaxEntropy: 2.321928094887362
NumObs_Cv2: 15
OccupancyRatio: 0.24488888888888893
distance(normalized): 0.7
distance.avg: 0.01197
distance.variance: 1.0e-05
