AngleInfo:
  mean: 333.52941176470586
Entropy: 0.030603713858596195
MapSize: 11250.0
MaxEntropy: 2.321928094887362
NumObs_Cv2: 12
OccupancyRatio: 0.1731555555555555
distance(normalized): 0.6
distance.avg: 0.80495
distance.variance: 0.02504
