AngleInfo:
  mean: 130.9090909090909
Entropy: 0.033134694623127785
MapSize: 11250.0
MaxEntropy: 2.321928094887362
NumObs_Cv2: 16
OccupancyRatio: 0.1836888888888889
distance(normalized): 0.5
distance.avg: 0.01238
distance.variance: 1.0e-05
