AngleInfo:
  mean: 132.6315789473684
Entropy: 0.020444330207108365
MapSize: 11250.0
MaxEntropy: 2.321928094887362
NumObs_Cv2: 16
OccupancyRatio: 0.0968444444444444
distance(normalized): 0.6
distance.avg: 0.0131
distance.variance: 1.0e-05
