AngleInfo:
  mean: 280.0
Entropy: 0.02627341044420482
MapSize: 11250.0
MaxEntropy: 2.321928094887362
NumObs_Cv2: 14
OccupancyRatio: 0.1405333333333333
distance(normalized): 0.6
distance.avg: 0.01306
distance.variance: 1.0e-05
