AngleInfo:
  mean: 321.42857142857144
Entropy: 0.028619152245780925
MapSize: 11250.0
MaxEntropy: 2.321928094887362
NumObs_Cv2: 12
OccupancyRatio: 0.15693333333333337
distance(normalized): 0.7
distance.avg: 0.01076
distance.variance: 1.0e-05
