AngleInfo:
  mean: 340.3636363636364
Entropy: 0.18351336941659235
MapSize: 80000.0
MaxEntropy: 2.321928094887362
NumObs_Cv2: 28
OccupancyRatio: 0.22052499999999997
distance(normalized): 0.5
distance.avg: 0.3
distance.variance: 0.00525
