AngleInfo:
  mean: 237.0731707317073
Entropy: 0.18070115770945655
MapSize: 80000.0
MaxEntropy: 2.321928094887362
NumObs_Cv2: 23
OccupancyRatio: 0.2241375
distance(normalized): 0.6
distance.avg: 0.01434
distance.variance: 1.0e-05
