AngleInfo:
  mean: 169.41176470588235
Entropy: 0.023676319021878996
MapSize: 11250.0
MaxEntropy: 2.321928094887362
NumObs_Cv2: 16
OccupancyRatio: 0.11977777777777776
distance(normalized): 0.6
distance.avg: 0.32597
distance.variance: 0.00479
