AngleInfo:
  mean: 338.8235294117647
Entropy: 0.0234204281550646
MapSize: 11250.0
MaxEntropy: 2.321928094887362
NumObs_Cv2: 10
OccupancyRatio: 0.11635555555555555
distance(normalized): 0.6
distance.avg: 0.00977
distance.variance: 0.0
