AngleInfo:
  mean: 317.6470588235294
Entropy: 0.03229414027210639
MapSize: 11250.0
MaxEntropy: 2.321928094887362
NumObs_Cv2: 8
OccupancyRatio: 0.1803555555555556
distance(normalized): 0.6
distance.avg: 0.01141
distance.variance: 0.0
