AngleInfo:
  mean: 308.57142857142856
Entropy: 0.03257455263867345
MapSize: 11250.0
MaxEntropy: 2.321928094887362
NumObs_Cv2: 14
OccupancyRatio: 0.18191111111111113
distance(normalized): 0.5
distance.avg: 0.01185
distance.variance: 0.0
