AngleInfo:
  mean: 314.1818181818182
Entropy: 0.029535299652614946
MapSize: 11250.0
MaxEntropy: 2.321928094887362
NumObs_Cv2: 13
OccupancyRatio: 0.1664444444444444
distance(normalized): 0.5
distance.avg: 0.0128
distance.variance: 0.0
