AngleInfo:
  mean: 223.44827586206895
Entropy: 0.1811106858803558
MapSize: 80000.0
MaxEntropy: 2.321928094887362
NumObs_Cv2: 20
OccupancyRatio: 0.2265125
distance(normalized): 0.7
distance.avg: 0.01214
distance.variance: 1.0e-05
