AngleInfo:
  mean: 147.27272727272728
Entropy: 0.03427278917438359
MapSize: 11250.0
MaxEntropy: 2.321928094887362
NumObs_Cv2: 15
OccupancyRatio: 0.2035111111111111
distance(normalized): 0.7
distance.avg: 0.01085
distance.variance: 0.0
