AngleInfo:
  mean: 321.42857142857144
Entropy: 0.0239116164734225
MapSize: 11250.0
MaxEntropy: 2.321928094887362
NumObs_Cv2: 16
OccupancyRatio: 0.12382222222222217
distance(normalized): 0.6
distance.avg: 0.12887
distance.variance: 0.00068
