AngleInfo:
  mean: 345.6
Entropy: 0.03018713502271066
MapSize: 11250.0
MaxEntropy: 2.321928094887362
NumObs_Cv2: 7
OccupancyRatio: 0.17000000000000004
distance(normalized): 0.4
distance.avg: 0.10952
distance.variance: 0.00017
