AngleInfo:
  mean: 356.43564356435644
Entropy: 0.19152310824348848
MapSize: 80000.0
MaxEntropy: 2.321928094887362
NumObs_Cv2: 18
OccupancyRatio: 0.24850625000000004
distance(normalized): 0.7
distance.avg: 0.3
distance.variance: 0.00578
