AngleInfo:
  mean: 270.0
Entropy: 0.03269135872852669
MapSize: 11250.0
MaxEntropy: 2.321928094887362
NumObs_Cv2: 15
OccupancyRatio: 0.1771555555555555
distance(normalized): 0.7
distance.avg: 0.01132
distance.variance: 1.0e-05
