AngleInfo:
  mean: 294.54545454545456
Entropy: 0.037904808496357266
MapSize: 11250.0
MaxEntropy: 2.321928094887362
NumObs_Cv2: 18
OccupancyRatio: 0.21706666666666663
distance(normalized): 0.5
distance.avg: 0.03793
distance.variance: 3.0e-05
