AngleInfo:
  mean: 90.0
Entropy: 0.12525748135382922
MapSize: 80000.0
MaxEntropy: 2.321928094887362
NumObs_Cv2: 4
OccupancyRatio: 0.14321249999999996
distance(normalized): 1.0
distance.avg: 0.00011
distance.variance: 0.0
