AngleInfo:
  mean: 257.14285714285717
Entropy: 0.049392217395123096
MapSize: 11250.0
MaxEntropy: 2.321928094887362
NumObs_Cv2: 6
OccupancyRatio: 0.32853333333333334
distance(normalized): 0.7
distance.avg: 0.01914
distance.variance: 1.0e-05
