AngleInfo:
  mean: 306.3829787234043
Entropy: 0.02661995651493507
MapSize: 11250.0
MaxEntropy: 2.321928094887362
NumObs_Cv2: 17
OccupancyRatio: 0.13804444444444441
distance(normalized): 0.6
distance.avg: 0.83143
distance.variance: 0.02393
