AngleInfo:
  mean: 351.77142857142854
Entropy: 0.15194235518120466
MapSize: 80000.0
MaxEntropy: 2.321928094887362
NumObs_Cv2: 27
OccupancyRatio: 0.1703
distance(normalized): 0.5
distance.avg: 0.01153
distance.variance: 1.0e-05
