AngleInfo:
  mean: 255.78947368421052
Entropy: 0.01336291914790813
MapSize: 11250.0
MaxEntropy: 2.321928094887362
NumObs_Cv2: 17
OccupancyRatio: 0.06088888888888888
distance(normalized): 0.6
distance.avg: 0.29371
distance.variance: 0.00233
