AngleInfo:
  mean: 280.0
Entropy: 0.02871641429275073
MapSize: 11250.0
MaxEntropy: 2.321928094887362
NumObs_Cv2: 7
OccupancyRatio: 0.15600000000000003
distance(normalized): 0.6
distance.avg: 0.01204
distance.variance: 1.0e-05
