AngleInfo:
  mean: 274.2857142857143
Entropy: 0.038480448456993666
MapSize: 11250.0
MaxEntropy: 2.321928094887362
NumObs_Cv2: 11
OccupancyRatio: 0.22631111111111113
distance(normalized): 0.5
distance.avg: 0.01056
distance.variance: 0.0
