AngleInfo:
  mean: 324.0
Entropy: 0.031383019729850005
MapSize: 11250.0
MaxEntropy: 2.321928094887362
NumObs_Cv2: 16
OccupancyRatio: 0.1696888888888889
distance(normalized): 0.6
distance.avg: 0.83
distance.variance: 0.03637
