AngleInfo:
  mean: 332.3076923076923
Entropy: 0.03221478021591404
MapSize: 11250.0
MaxEntropy: 2.321928094887362
NumObs_Cv2: 11
OccupancyRatio: 0.17328888888888894
distance(normalized): 0.5
distance.avg: 0.0537
distance.variance: 0.00016
