AngleInfo:
  mean: 330.1910828025478
Entropy: 0.16241059058040083
MapSize: 80000.0
MaxEntropy: 2.321928094887362
NumObs_Cv2: 22
OccupancyRatio: 0.20106875000000002
distance(normalized): 0.5
distance.avg: 0.2
distance.variance: 0.00279
