AngleInfo:
  mean: 335.3225806451613
Entropy: 0.18311536707041876
MapSize: 80000.0
MaxEntropy: 2.321928094887362
NumObs_Cv2: 24
OccupancyRatio: 0.22545625000000002
distance(normalized): 0.6
distance.avg: 0.0119
distance.variance: 1.0e-05
