AngleInfo:
  mean: 335.3225806451613
Entropy: 0.18311536707041876
MapSize: 80000.0
MaxEntropy: 2.321928094887362
NumObs_Cv2: 24
OccupancyRatio: 0.22545625000000002
distance(normalized): 0.7
distance.avg: 0.3
distance.variance: 0.00324
