AngleInfo:
  mean: 300.0
Entropy: 0.027942423748750122
MapSize: 11250.0
MaxEntropy: 2.321928094887362
NumObs_Cv2: 16
OccupancyRatio: 0.14711111111111108
distance(normalized): 0.6
distance.avg: 0.0151
distance.variance: 1.0e-05
