AngleInfo:
  mean: 315.7894736842105
Entropy: 0.02969553134760486
MapSize: 11250.0
MaxEntropy: 2.321928094887362
NumObs_Cv2: 14
OccupancyRatio: 0.1598222222222222
distance(normalized): 0.6
distance.avg: 0.05315
distance.variance: 6.0e-05
