AngleInfo:
  mean: 261.8181818181818
Entropy: 0.030454892784035112
MapSize: 11250.0
MaxEntropy: 2.321928094887362
NumObs_Cv2: 12
OccupancyRatio: 0.16324444444444441
distance(normalized): 0.6
distance.avg: 0.87795
distance.variance: 0.01908
