AngleInfo:
  mean: 318.62068965517244
Entropy: 0.03364766867239153
MapSize: 11250.0
MaxEntropy: 2.321928094887362
NumObs_Cv2: 18
OccupancyRatio: 0.18684444444444448
distance(normalized): 0.7
distance.avg: 0.02164
distance.variance: 1.0e-05
