AngleInfo:
  mean: 329.14285714285717
Entropy: 0.02328933745519817
MapSize: 11250.0
MaxEntropy: 2.321928094887362
NumObs_Cv2: 11
OccupancyRatio: 0.1180444444444444
distance(normalized): 0.5
distance.avg: 0.01457
distance.variance: 1.0e-05
