AngleInfo:
  mean: 240.0
Entropy: 0.015174429817809913
MapSize: 11250.0
MaxEntropy: 2.321928094887362
NumObs_Cv2: 8
OccupancyRatio: 0.07408888888888887
distance(normalized): 0.9
distance.avg: 0.01161
distance.variance: 1.0e-05
