AngleInfo:
  mean: 160.0
Entropy: 0.03028562779496433
MapSize: 11250.0
MaxEntropy: 2.321928094887362
NumObs_Cv2: 17
OccupancyRatio: 0.16604444444444444
distance(normalized): 0.7
distance.avg: 0.04217
distance.variance: 9.0e-05
