AngleInfo:
  mean: 264.70588235294116
Entropy: 0.026751273790651776
MapSize: 11250.0
MaxEntropy: 2.321928094887362
NumObs_Cv2: 12
OccupancyRatio: 0.13688888888888884
distance(normalized): 0.5
distance.avg: 0.00966
distance.variance: 0.0
