AngleInfo:
  mean: 320.72727272727275
Entropy: 0.028271081822147697
MapSize: 11250.0
MaxEntropy: 2.321928094887362
NumObs_Cv2: 11
OccupancyRatio: 0.14911111111111108
distance(normalized): 0.6
distance.avg: 0.01166
distance.variance: 1.0e-05
