AngleInfo:
  mean: 355.60379918588876
Entropy: 0.20444530267629007
MapSize: 80000.0
MaxEntropy: 2.321928094887362
NumObs_Cv2: 17
OccupancyRatio: 0.26588124999999996
distance(normalized): 0.5
distance.avg: 42.0
distance.variance: 81.71339
