AngleInfo:
  mean: 294.54545454545456
Entropy: 0.031151867117844664
MapSize: 11250.0
MaxEntropy: 2.321928094887362
NumObs_Cv2: 16
OccupancyRatio: 0.16462222222222223
distance(normalized): 0.5
distance.avg: 0.04998
distance.variance: 8.0e-05
