AngleInfo:
  mean: 348.51063829787233
Entropy: 0.16838060980314964
MapSize: 80000.0
MaxEntropy: 2.321928094887362
NumObs_Cv2: 23
OccupancyRatio: 0.20262500000000006
distance(normalized): 0.4
distance.avg: 0.01042
distance.variance: 1.0e-05
