AngleInfo:
  mean: 90.0
Entropy: 0.12393847242800086
MapSize: 80000.0
MaxEntropy: 2.321928094887362
NumObs_Cv2: 4
OccupancyRatio: 0.14746875000000004
distance(normalized): []
distance.avg: null
distance.variance: []
