AngleInfo:
  mean: 90.0
Entropy: 0.12393847242800086
MapSize: 80000.0
MaxEntropy: 2.321928094887362
NumObs_Cv2: 4
OccupancyRatio: 0.14746875000000004
distance(normalized): 1.0
distance.avg: 7.0e-05
distance.variance: 0.0
