AngleInfo:
  mean: 165.0
Entropy: 0.021555258543717103
MapSize: 11250.0
MaxEntropy: 2.321928094887362
NumObs_Cv2: 18
OccupancyRatio: 0.10840000000000005
distance(normalized): 0.5
distance.avg: 0.16597
distance.variance: 0.00045
