AngleInfo:
  mean: 311.1111111111111
Entropy: 0.03653847526682295
MapSize: 11250.0
MaxEntropy: 2.321928094887362
NumObs_Cv2: 21
OccupancyRatio: 0.20937777777777777
distance(normalized): 0.6
distance.avg: 0.03042
distance.variance: 2.0e-05
