AngleInfo:
  mean: 308.57142857142856
Entropy: 0.19803986020596895
MapSize: 80000.0
MaxEntropy: 2.321928094887362
NumObs_Cv2: 36
OccupancyRatio: 0.24988750000000004
distance(normalized): 0.6
distance.avg: 0.3
distance.variance: 0.00514
