AngleInfo:
  mean: 283.6363636363636
Entropy: 0.22787012061039966
MapSize: 80000.0
MaxEntropy: 2.321928094887362
NumObs_Cv2: 14
OccupancyRatio: 0.32529375000000005
distance(normalized): 0.5
distance.avg: 69.7
distance.variance: 113.06881
