AngleInfo:
  mean: 330.0
Entropy: 0.029569233883970505
MapSize: 11250.0
MaxEntropy: 2.321928094887362
NumObs_Cv2: 13
OccupancyRatio: 0.16528888888888893
distance(normalized): 0.6
distance.avg: 0.01986
distance.variance: 1.0e-05
