AngleInfo:
  mean: 308.57142857142856
Entropy: 0.030829717895032145
MapSize: 11250.0
MaxEntropy: 2.321928094887362
NumObs_Cv2: 10
OccupancyRatio: 0.16804444444444444
distance(normalized): 0.6
distance.avg: 0.04293
distance.variance: 8.0e-05
