AngleInfo:
  mean: 288.0
Entropy: 0.03242734090214619
MapSize: 11250.0
MaxEntropy: 2.321928094887362
NumObs_Cv2: 11
OccupancyRatio: 0.19213333333333338
distance(normalized): 0.7
distance.avg: 0.20121
distance.variance: 0.0013
