AngleInfo:
  mean: 295.38461538461536
Entropy: 0.025856425623626327
MapSize: 11250.0
MaxEntropy: 2.321928094887362
NumObs_Cv2: 11
OccupancyRatio: 0.1418666666666667
distance(normalized): 0.6
distance.avg: 0.01205
distance.variance: 1.0e-05
