AngleInfo:
  mean: 333.52941176470586
Entropy: 0.024583991185146512
MapSize: 11250.0
MaxEntropy: 2.321928094887362
NumObs_Cv2: 11
OccupancyRatio: 0.13088888888888894
distance(normalized): 0.5
distance.avg: 0.0176
distance.variance: 1.0e-05
