AngleInfo:
  mean: 349.85915492957747
Entropy: 0.18009135289243422
MapSize: 80000.0
MaxEntropy: 2.321928094887362
NumObs_Cv2: 18
OccupancyRatio: 0.22592500000000004
distance(normalized): 0.5
distance.avg: 0.5
distance.variance: 0.00926
