AngleInfo:
  mean: 281.7391304347826
Entropy: 0.016031606238675146
MapSize: 11250.0
MaxEntropy: 2.321928094887362
NumObs_Cv2: 10
OccupancyRatio: 0.0809333333333333
distance(normalized): 0.5
distance.avg: 0.01501
distance.variance: 1.0e-05
