AngleInfo:
  mean: 231.42857142857142
Entropy: 0.02811123893472515
MapSize: 11250.0
MaxEntropy: 2.321928094887362
NumObs_Cv2: 16
OccupancyRatio: 0.14955555555555555
distance(normalized): 0.5
distance.avg: 0.01778
distance.variance: 1.0e-05
