AngleInfo:
  mean: 327.27272727272725
Entropy: 0.025501382721837343
MapSize: 11250.0
MaxEntropy: 2.321928094887362
NumObs_Cv2: 15
OccupancyRatio: 0.13711111111111107
distance(normalized): 0.7
distance.avg: 0.0461
distance.variance: 5.0e-05
