AngleInfo:
  mean: 303.1578947368421
Entropy: 0.03484902392063542
MapSize: 11250.0
MaxEntropy: 2.321928094887362
NumObs_Cv2: 12
OccupancyRatio: 0.1956444444444444
distance(normalized): 0.6
distance.avg: 0.01155
distance.variance: 0.0
