AngleInfo:
  mean: 259.2
Entropy: 0.026924599212070993
MapSize: 11250.0
MaxEntropy: 2.321928094887362
NumObs_Cv2: 24
OccupancyRatio: 0.13848888888888888
distance(normalized): 0.5
distance.avg: 0.03759
distance.variance: 4.0e-05
