AngleInfo:
  mean: 263.4146341463415
Entropy: 0.03938091113671855
MapSize: 11250.0
MaxEntropy: 2.321928094887362
NumObs_Cv2: 16
OccupancyRatio: 0.23884444444444441
distance(normalized): 0.4
distance.avg: 0.01341
distance.variance: 0.0
