AngleInfo:
  mean: 324.59016393442624
Entropy: 0.027607099168160763
MapSize: 11250.0
MaxEntropy: 2.321928094887362
NumObs_Cv2: 15
OccupancyRatio: 0.15013333333333334
distance(normalized): 0.7
distance.avg: 0.05861
distance.variance: 9.0e-05
