AngleInfo:
  mean: 352.61829652996846
Entropy: 0.18816544708918975
MapSize: 80000.0
MaxEntropy: 2.321928094887362
NumObs_Cv2: 24
OccupancyRatio: 0.24043749999999997
distance(normalized): 0.6
distance.avg: 0.3
distance.variance: 0.006
