AngleInfo:
  mean: 223.44827586206895
Entropy: 0.028680258538042375
MapSize: 11250.0
MaxEntropy: 2.321928094887362
NumObs_Cv2: 17
OccupancyRatio: 0.1464444444444445
distance(normalized): 0.6
distance.avg: 0.01374
distance.variance: 1.0e-05
