AngleInfo:
  mean: 307.3170731707317
Entropy: 0.03258910908757492
MapSize: 11250.0
MaxEntropy: 2.321928094887362
NumObs_Cv2: 12
OccupancyRatio: 0.18479999999999996
distance(normalized): 0.7
distance.avg: 0.01315
distance.variance: 0.0
