AngleInfo:
  mean: 356.0869565217391
Entropy: 0.24389045935459241
MapSize: 80000.0
MaxEntropy: 2.321928094887362
NumObs_Cv2: 20
OccupancyRatio: 0.35169375
distance(normalized): 0.3
distance.avg: 0.0147
distance.variance: 0.0
