AngleInfo:
  mean: 348.13186813186815
Entropy: 0.014405753993523226
MapSize: 11250.0
MaxEntropy: 2.321928094887362
NumObs_Cv2: 7
OccupancyRatio: 0.07253333333333334
distance(normalized): 0.7
distance.avg: 0.05149
distance.variance: 2.0e-05
