AngleInfo:
  mean: 326.8421052631579
Entropy: 0.14823831629475429
MapSize: 80000.0
MaxEntropy: 2.321928094887362
NumObs_Cv2: 32
OccupancyRatio: 0.17007499999999998
distance(normalized): 0.6
distance.avg: 0.04975
distance.variance: 0.00011
