AngleInfo:
  mean: 300.0
Entropy: 0.03823470561206968
MapSize: 11250.0
MaxEntropy: 2.321928094887362
NumObs_Cv2: 12
OccupancyRatio: 0.2262222222222222
distance(normalized): 0.5
distance.avg: 0.02215
distance.variance: 1.0e-05
