AngleInfo:
  mean: 291.8918918918919
Entropy: 0.015889652579797388
MapSize: 11250.0
MaxEntropy: 2.321928094887362
NumObs_Cv2: 14
OccupancyRatio: 0.07386666666666664
distance(normalized): 0.6
distance.avg: 0.45275
distance.variance: 0.01661
