AngleInfo:
  mean: 352.42105263157896
Entropy: 0.17086011518716593
MapSize: 80000.0
MaxEntropy: 2.321928094887362
NumObs_Cv2: 40
OccupancyRatio: 0.20491875000000004
distance(normalized): 0.5
distance.avg: 17.6
distance.variance: 6.55372
