AngleInfo:
  mean: 349.09090909090907
Entropy: 0.18004576059044733
MapSize: 80000.0
MaxEntropy: 2.321928094887362
NumObs_Cv2: 25
OccupancyRatio: 0.22780625
distance(normalized): 0.6
distance.avg: 0.01149
distance.variance: 0.0
