AngleInfo:
  mean: 301.3953488372093
Entropy: 0.03716729863044056
MapSize: 11250.0
MaxEntropy: 2.321928094887362
NumObs_Cv2: 8
OccupancyRatio: 0.21391111111111116
distance(normalized): 0.5
distance.avg: 0.01287
distance.variance: 1.0e-05
