AngleInfo:
  mean: 240.0
Entropy: 0.03185015121718509
MapSize: 11250.0
MaxEntropy: 2.321928094887362
NumObs_Cv2: 11
OccupancyRatio: 0.17871111111111115
distance(normalized): 0.5
distance.avg: 0.00664
distance.variance: 0.0
