AngleInfo:
  mean: 317.6470588235294
Entropy: 0.19906877069263865
MapSize: 80000.0
MaxEntropy: 2.321928094887362
NumObs_Cv2: 15
OccupancyRatio: 0.26176875
distance(normalized): 0.6
distance.avg: 0.01089
distance.variance: 0.0
