AngleInfo:
  mean: 349.59537572254334
Entropy: 0.29635639469395425
MapSize: 80000.0
MaxEntropy: 2.321928094887362
NumObs_Cv2: 29
OccupancyRatio: 0.48549374999999995
distance(normalized): 0.4
distance.avg: 0.3
distance.variance: 0.0031
