AngleInfo:
  mean: 353.21668909825036
Entropy: 0.1771562104126957
MapSize: 80000.0
MaxEntropy: 2.321928094887362
NumObs_Cv2: 29
OccupancyRatio: 0.226425
distance(normalized): 0.7
distance.avg: 0.01255
distance.variance: 1.0e-05
