AngleInfo:
  mean: 345.9548254620123
Entropy: 0.1692470474697746
MapSize: 80000.0
MaxEntropy: 2.321928094887362
NumObs_Cv2: 36
OccupancyRatio: 0.20634375000000005
distance(normalized): 0.7
distance.avg: 0.3
distance.variance: 0.00473
