AngleInfo:
  mean: 353.6762860727729
Entropy: 0.18167171823748204
MapSize: 80000.0
MaxEntropy: 2.321928094887362
NumObs_Cv2: 22
OccupancyRatio: 0.225375
distance(normalized): 0.5
distance.avg: 0.01502
distance.variance: 1.0e-05
