AngleInfo:
  mean: 310.6849315068493
Entropy: 0.0289749550062696
MapSize: 11250.0
MaxEntropy: 2.321928094887362
NumObs_Cv2: 16
OccupancyRatio: 0.1519555555555555
distance(normalized): 0.5
distance.avg: 0.01124
distance.variance: 0.0
