AngleInfo:
  mean: 308.57142857142856
Entropy: 0.03190146513606833
MapSize: 11250.0
MaxEntropy: 2.321928094887362
NumObs_Cv2: 7
OccupancyRatio: 0.17391111111111113
distance(normalized): 0.4
distance.avg: 0.01127
distance.variance: 1.0e-05
