AngleInfo:
  mean: 352.17391304347825
Entropy: 0.23733952152558702
MapSize: 80000.0
MaxEntropy: 2.321928094887362
NumObs_Cv2: 15
OccupancyRatio: 0.33343124999999996
distance(normalized): 0.6
distance.avg: 0.01284
distance.variance: 1.0e-05
