AngleInfo:
  mean: 235.86206896551724
Entropy: 0.15378250115702544
MapSize: 80000.0
MaxEntropy: 2.321928094887362
NumObs_Cv2: 45
OccupancyRatio: 0.17309375000000005
distance(normalized): 0.4
distance.avg: 0.3
distance.variance: 0.00169
