AngleInfo:
  mean: 354.85714285714283
Entropy: 0.16625030209949634
MapSize: 80000.0
MaxEntropy: 2.321928094887362
NumObs_Cv2: 16
OccupancyRatio: 0.20348750000000004
distance(normalized): 0.6
distance.avg: 0.3
distance.variance: 0.00591
