AngleInfo:
  mean: 305.45454545454544
Entropy: 0.043007217491074556
MapSize: 11250.0
MaxEntropy: 2.321928094887362
NumObs_Cv2: 9
OccupancyRatio: 0.2593777777777778
distance(normalized): 0.6
distance.avg: 0.011
distance.variance: 0.0
